a 2007-06-08/06:53:26 2007-06-08/06:53:41 2007-06-08/06:53:56  30.00   t  pn    8.1   10.5   -3.5   46.6    7.58   -60.0    94.3    -6.1    -2.1  -110.4    18.5   112.0   311.8   0.360   0.091  0.6954  0.6193  0.0562  0.0241   11.34   -3.42   37.62   38.08   10.08   -2.07   39.45   0.162   0.143   0.976   0.663  -0.749   0.000   0.731   0.647  -0.216
a 2007-06-08/07:00:06 2007-06-08/07:00:12 2007-06-08/07:00:21  15.00   t  pn    8.1   10.4   -3.5   58.3    9.60   -87.3   130.3    -7.4    -2.7  -155.4    22.1   157.4   272.2   0.579   0.151  0.7033  0.5907  0.0895  0.0202    8.18   -0.35   37.60   37.98    5.68   -2.47   38.53   0.164   0.145   0.976   0.663  -0.749   0.000   0.730   0.647  -0.219
a 2007-06-08/07:04:22 2007-06-08/07:04:30 2007-06-08/07:04:40  18.00   t  np    8.0   10.4   -3.6   60.2    7.69   -84.6   162.0    -9.9    -0.0  -177.4    45.2   183.1   317.0   0.578   0.115  0.7380  0.6471  0.0742  0.0177    7.87    0.68   39.54   39.97    4.71   -2.52   40.33   0.165   0.146   0.975   0.663  -0.749   0.000   0.730   0.647  -0.220
a 2007-06-08/07:13:00 2007-06-08/07:13:05 2007-06-08/07:13:09   9.00   t  np    7.9   10.4   -3.6   39.1    4.38   -83.9   145.4     2.1     9.6  -164.4    32.3   168.1   426.9   0.395   0.041  0.7095  0.6641  0.0273  0.0197   10.90   -4.03   39.16   39.40   10.25   -3.40   40.85   0.167   0.148   0.975   0.663  -0.748   0.000   0.730   0.646  -0.223
a 2007-06-08/07:18:27 2007-06-08/07:18:44 2007-06-08/07:18:54  27.00   t  pn    7.9   10.4   -3.6   38.4    5.05   -98.4   131.7    10.6    13.4  -163.8    11.0   164.7   397.1   0.415   0.047  0.7197  0.6693  0.0311  0.0232   10.58   -6.04   39.16   39.03   11.54   -5.02   41.01   0.169   0.149   0.974   0.663  -0.748   0.000   0.729   0.646  -0.225
a 2007-06-08/07:44:30 2007-06-08/07:44:42 2007-06-08/07:44:58  28.00   t  pn    7.6   10.3   -3.7   47.9    4.50  -105.9   153.3     8.8    13.8  -185.0    19.7   186.6   433.4   0.431   0.049  0.7573  0.7048  0.0343  0.0180   12.29   -4.43   40.01   40.36   11.47   -3.28   42.09   0.175   0.155   0.972   0.663  -0.748   0.000   0.728   0.645  -0.234
a 2007-06-08/08:05:09 2007-06-08/08:05:24 2007-06-08/08:05:33  24.00   l  pn    7.4   10.2   -3.8   45.3    4.73   -95.2   162.1     5.2    13.7  -184.4    33.9   188.1   431.9   0.435   0.047  0.7905  0.7402  0.0343  0.0187   16.43   -7.90   39.09   39.64   16.81   -2.53   43.13   0.180   0.159   0.971   0.663  -0.749   0.000   0.727   0.644  -0.240
a 2007-06-08/08:10:42 2007-06-08/08:10:49 2007-06-08/08:10:59  17.00   l  pn    7.3   10.2   -3.8   46.1    5.43  -113.0   139.3     3.2     5.0  -179.2     6.7   179.4   394.5   0.455   0.057  0.7679  0.7128  0.0402  0.0217   14.28    1.92   39.79   41.51    8.03    2.01   42.33   0.181   0.160   0.970   0.663  -0.749   0.000   0.726   0.643  -0.242
a 2007-06-08/08:19:24 2007-06-08/08:19:33 2007-06-08/08:19:42  18.00   t  pn    7.2   10.2   -3.9   64.4    4.93  -111.3   148.4     0.3     3.9  -184.9    14.5   186.7   431.9   0.435   0.065  0.8199  0.7465  0.0484  0.0207   11.23   -1.63   41.80   42.32    8.67   -3.09   43.31   0.182   0.162   0.970   0.663  -0.749   0.000   0.726   0.643  -0.244
b 2007-11-14/15:37:37 2007-11-14/15:37:49 2007-11-14/15:38:00  23.00   t  pn   -9.4  -16.9   -1.0  773.8    1.18  -198.8   -69.2   -79.2   -78.5   210.1   -17.6   225.4   184.1   1.235   4.436  0.2011  0.0371  0.1460  0.0210   -2.09    2.81    8.91    8.91    1.01   -3.38    9.62   0.000  -0.001   1.000  -0.940  -0.342   0.000   0.342  -0.940  -0.001
b 2007-11-14/17:23:08 2007-11-14/17:23:20 2007-11-14/17:23:38  30.00   t  np   -9.6  -18.3   -2.5  233.1    1.64  -345.8   -88.5   -28.9   -29.5   355.7   -30.0   358.2   388.4   0.922   0.297  0.2789  0.2069  0.0611  0.0116  -13.37   -5.57   17.61   17.66   14.43   -0.18   22.80   0.024  -0.076   0.997  -0.952  -0.305   0.000   0.304  -0.949  -0.080
b 2007-11-14/17:43:09 2007-11-14/17:43:16 2007-11-14/17:43:24  15.00   t  np   -9.6  -18.6   -2.8  213.0    2.86  -337.5  -128.5   -46.6   -46.0   360.9    14.9   365.8   275.2   1.331   0.535  0.2948  0.1857  0.0974  0.0153   -2.42    3.28   21.13   20.67    1.33   -5.87   21.59   0.029  -0.092   0.995  -0.954  -0.300   0.000   0.298  -0.950  -0.096
b 2007-11-14/17:46:20 2007-11-14/17:46:24 2007-11-14/17:46:29   9.00   t  pn   -9.6  -18.6   -2.8  540.0    0.94  -300.4   -26.4    13.9    10.9   293.0   -71.8   309.3   444.0   0.706   0.531  0.2574  0.1639  0.0818  0.0149  -12.63   -9.25   10.94   11.39   14.82    3.95   20.24   0.029  -0.094   0.995  -0.954  -0.299   0.000   0.297  -0.950  -0.099
b 2007-11-14/18:34:45 2007-11-14/18:34:52 2007-11-14/18:34:59  14.00   i  pn   -9.6  -19.1   -3.5  270.8    1.18  -272.6   -77.5    60.5    59.5   283.3   -13.9   291.9   394.2   0.758   0.349  0.2055  0.1462  0.0504  0.0106   -8.32   -8.97   14.65   15.36   10.55    4.13   19.17   0.040  -0.132   0.990  -0.958  -0.287   0.000   0.284  -0.949  -0.138
b 2007-11-14/18:36:37 2007-11-14/18:36:44 2007-11-14/18:36:55  18.00   t  np   -9.6  -19.2   -3.6  242.6    2.28  -354.9  -183.0   -85.8   -79.4   393.6    74.8   409.5   299.3   1.408   0.543  0.2652  0.1593  0.0870  0.0162   -2.50   -0.92   19.77   19.60    2.65   -2.59   20.00   0.040  -0.134   0.990  -0.958  -0.287   0.000   0.284  -0.949  -0.139
b 2008-03-22/10:55:21 2008-03-22/10:55:41 2008-03-22/10:55:57  36.00   t  pn  -10.6   20.4   -3.6  203.8    1.53  -148.8    13.8    -8.7    -9.8  -148.6   -14.8   150.1   256.5   0.583   0.594  0.1391  0.0856  0.0497  0.0057    5.23   -3.44   13.26   12.73    5.92   -4.25   14.67   0.042   0.163   0.986   0.969  -0.247   0.000   0.243   0.955  -0.168
b 2008-03-22/12:35:48 2008-03-22/12:35:59 2008-03-22/12:36:14  26.00   t  np  -11.5   21.2   -3.3   97.8    4.66  -236.6    19.6   -78.5   -77.7  -236.4   -24.3   251.3   137.8   1.823   0.968  0.1658  0.0748  0.0730  0.0169    1.16    2.79   13.29   13.58    0.50    0.93   13.71   0.034   0.148   0.988   0.974  -0.225   0.000   0.222   0.963  -0.152
b 2008-04-05/03:31:52 2008-04-05/03:32:06 2008-04-05/03:32:22  30.00   t  pn  -17.5   23.9    4.1  166.7    2.54  -345.0    75.2    48.6    42.0  -351.4    42.7   357.0   231.4   1.544   0.582  0.1970  0.1115  0.0667  0.0157    7.93  -10.22   10.49   11.89    9.05   -7.35   16.74  -0.019  -0.166   0.986   0.993  -0.115   0.000   0.113   0.979   0.167
b 2008-04-05/03:43:44 2008-04-05/03:44:10 2008-04-05/03:44:28  44.00   t  np  -17.5   23.9    3.8  430.8    1.29  -336.0    95.0    38.0    28.6  -344.7    61.1   351.8   132.0   2.775   3.662  0.1320  0.0186  0.0894  0.0159   -2.55   -3.23    4.00    4.51   -2.16   -2.81    6.63  -0.018  -0.158   0.987   0.993  -0.115   0.000   0.114   0.981   0.159
b 2008-04-05/04:08:26 2008-04-05/04:08:36 2008-04-05/04:08:46  20.00   t  np  -17.5   23.8    3.4  199.2    2.67  -384.7   140.2    15.4     1.7  -398.3    96.2   410.5   193.9   2.125   1.025  0.1838  0.0873  0.0852  0.0144    0.87   -1.29   14.68   14.70    1.01    0.92   14.81  -0.016  -0.142   0.990   0.993  -0.115   0.000   0.114   0.983   0.143
b 2008-04-05/04:09:55 2008-04-05/04:10:04 2008-04-05/04:10:28  33.00   t  pn  -17.5   23.8    3.4  301.7    1.61  -469.6    89.4    78.7    72.9  -476.8    45.5   485.6   221.5   2.275   1.205  0.1532  0.0681  0.0762  0.0114    1.24   -3.68   12.20   12.57    1.65   -1.76   13.00  -0.016  -0.140   0.990   0.993  -0.115   0.000   0.114   0.983   0.141
b 2008-04-05/04:26:02 2008-04-05/04:26:16 2008-04-05/04:26:24  22.00   t  pn  -17.5   23.8    3.1  467.8    0.77  -192.8    76.7    41.6    34.2  -200.4    58.9   213.6   271.1   0.790   1.179  0.1185  0.0469  0.0578  0.0101    8.06   -5.91    3.76    4.37    8.68   -4.41   10.82  -0.015  -0.129   0.992   0.993  -0.115   0.000   0.114   0.985   0.130
b 2008-04-05/04:31:39 2008-04-05/04:31:52 2008-04-05/04:32:04  25.00   t  pn  -17.5   23.7    3.0  227.9    2.06  -332.1    63.6    47.2    43.7  -337.2    30.6   341.5   184.5   1.852   1.255  0.1494  0.0617  0.0753  0.0139    2.26   -6.25   10.48   11.15    2.97   -4.58   12.45  -0.015  -0.125   0.992   0.993  -0.115   0.000   0.115   0.985   0.126
b 2008-04-05/04:47:30 2008-04-05/04:47:40 2008-04-05/04:47:50  20.00   t  pn  -17.5   23.7    2.7  522.2    1.01  -432.0   107.8   -15.0   -21.5  -441.5    55.0   445.9   136.4   3.487   5.030  0.1138  0.0157  0.0831  0.0126    0.46   -2.36    4.79    5.02    0.73   -1.73    6.22  -0.013  -0.113   0.993   0.993  -0.116   0.000   0.115   0.987   0.114
b 2008-04-05/04:48:36 2008-04-05/04:48:44 2008-04-05/04:49:00  24.00   i  pn  -17.5   23.7    2.7  225.6    1.93  -373.1    74.1    14.5    10.9  -379.1    31.8   380.9   197.4   1.930   1.097  0.1443  0.0647  0.0698  0.0109    1.93   -6.25   10.83   11.44    2.64   -4.71   12.75  -0.013  -0.113   0.994   0.993  -0.116   0.000   0.115   0.987   0.114
b 2008-04-05/05:05:06 2008-04-05/05:05:24 2008-04-05/05:05:37  31.00   t  pn  -17.5   23.6    2.4  292.2    1.30  -363.3   123.5    56.4    47.9  -375.1    85.8   388.5   231.7   1.676   1.020  0.1321  0.0617  0.0608  0.0106    8.79   -1.92    8.26    8.30    8.95   -0.04   12.43  -0.012  -0.101   0.995   0.993  -0.116   0.000   0.115   0.988   0.102
b 2008-04-05/05:17:20 2008-04-05/05:17:32 2008-04-05/05:17:50  30.00   t  pn  -17.5   23.6    2.2  400.2    1.06  -426.5   159.5   103.5    92.8  -442.2   118.0   467.1   348.7   1.344   0.632  0.1862  0.1094  0.0680  0.0103   12.40   -8.94    6.30    6.96   13.36   -6.82   16.58  -0.011  -0.093   0.996   0.993  -0.116   0.000   0.116   0.989   0.093
b 2008-04-05/05:35:55 2008-04-05/05:36:02 2008-04-05/05:36:12  17.00   t  np  -17.5   23.5    1.9  324.5    1.25  -478.1   144.8    -9.8   -16.9  -491.7    87.0   499.8   325.2   1.538   0.583  0.1844  0.1139  0.0652  0.0074   -5.47    2.84   15.59   15.36   -5.77    3.43   16.91  -0.009  -0.079   0.997   0.993  -0.117   0.000   0.116   0.990   0.080
b 2008-04-05/05:39:38 2008-04-05/05:40:00 2008-04-05/05:40:18  40.00   i  np  -17.5   23.4    1.8  351.3    1.21  -424.9    86.6    -1.5    -4.3  -432.1    36.2   433.8   312.5   1.414   0.716  0.1717  0.0981  0.0672  0.0097   -1.13   -1.35   15.60   15.66   -0.96   -0.26   15.70  -0.009  -0.077   0.997   0.993  -0.117   0.000   0.116   0.990   0.077
b 2008-04-05/06:04:03 2008-04-05/06:04:14 2008-04-05/06:04:30  27.00   t  np  -17.5   23.3    1.4  255.0    2.15  -397.0   123.0   -49.8   -54.3  -408.7    72.4   419.4   205.0   2.056   1.125  0.1812  0.0735  0.0879  0.0148   -5.52    1.23   12.32   12.27   -5.63    1.32   13.58  -0.007  -0.060   0.998   0.993  -0.117   0.000   0.117   0.991   0.061
b 2008-04-05/06:42:55 2008-04-05/06:43:07 2008-04-05/06:43:19  24.00   t  np  -17.5   23.1    0.8  331.5    1.21  -303.9    74.4   -42.0   -43.3  -310.6    36.4   316.7   316.6   1.009   0.633  0.1700  0.1011  0.0631  0.0069  -11.08   10.63    4.18    3.85  -12.26    9.38   15.94  -0.004  -0.035   0.999   0.993  -0.119   0.000   0.118   0.992   0.035
b 2008-04-05/06:47:42 2008-04-05/06:47:50 2008-04-05/06:48:01  19.00   t  np  -17.5   23.1    0.7  264.9    1.89  -460.6   185.8    -7.9   -12.1  -479.4   129.5   496.8   277.8   1.789   0.654  0.2140  0.1225  0.0801  0.0115    0.29    0.20   17.52   17.51    0.26    0.79   17.55  -0.004  -0.032   0.999   0.993  -0.119   0.000   0.119   0.992   0.032
b 2008-04-05/06:57:50 2008-04-05/06:58:02 2008-04-05/06:58:15  25.00   t  pn  -17.5   23.0    0.6  292.0    1.61  -407.4   110.4    22.8    21.2  -417.6    61.7   425.6   222.7   1.916   0.848  0.1680  0.0861  0.0697  0.0139    5.11   -8.69    8.82    9.03    6.11   -7.79   14.58  -0.003  -0.026   1.000   0.993  -0.119   0.000   0.119   0.993   0.026
b 2008-04-05/07:25:04 2008-04-05/07:25:10 2008-04-05/07:25:16  12.00   t  pn  -17.5   22.8    0.2  234.9    1.91  -329.3   109.1    35.4    34.7  -340.0    69.1   349.2   220.1   1.587   0.764  0.1749  0.0915  0.0699  0.0126   -3.74    2.78   14.36   14.34   -4.05    2.45   15.16  -0.001  -0.010   1.000   0.993  -0.120   0.000   0.120   0.993   0.010
b 2008-04-05/07:36:36 2008-04-05/07:36:46 2008-04-05/07:37:06  30.00   t  np  -17.5   22.7    0.1  243.2    1.39  -250.4    31.8   -41.1   -41.1  -252.4     1.2   255.9   173.1   1.488   1.525  0.0970  0.0343  0.0540  0.0074    7.64   -4.44    2.83    2.85    8.12   -3.48    9.28  -0.000  -0.004   1.000   0.993  -0.121   0.000   0.121   0.993   0.004
b 2008-04-05/08:35:45 2008-04-05/08:36:01 2008-04-05/08:36:16  31.00   t  np  -17.4   22.3   -0.5  258.7    2.62  -363.2    72.9   -57.8   -57.1  -369.4    28.9   375.0   134.0   2.868   2.949  0.1647  0.0455  0.1087  0.0155   -8.04    4.59    5.07    5.15   -8.54    3.44   10.56   0.003   0.023   1.000   0.992  -0.123   0.000   0.123   0.992  -0.023
b 2008-04-05/11:24:57 2008-04-05/11:25:17 2008-04-05/11:25:49  52.00   t  pn  -17.3   21.0   -0.9  500.0    1.22  -139.0     4.9    -1.7    -2.3  -138.4   -13.6   139.2   192.6   0.726   2.552  0.1481  0.0380  0.0973  0.0126    1.68   -3.61    8.89    8.74    2.15   -3.74    9.77   0.006   0.044   0.999   0.991  -0.134   0.000   0.134   0.990  -0.044
b 2008-04-05/11:43:42 2008-04-05/11:43:53 2008-04-05/11:44:02  20.00   t  np  -17.3   20.8   -0.9  534.4    0.92  -157.6    56.0    75.4    76.8  -163.8    31.1   184.2   217.0   0.865   2.149  0.1246  0.0390  0.0788  0.0081    7.82   -4.37    4.10    3.96    8.34   -3.44    9.90   0.006   0.040   0.999   0.991  -0.135   0.000   0.135   0.990  -0.041
b 2008-04-13/09:36:52 2008-04-13/09:37:11 2008-04-13/09:37:30  38.00   t  pn  -14.3   23.1   -0.6  465.2    1.56  -263.2    91.9   -18.9   -17.6  -274.8    47.6   281.1   187.5   1.665   2.876  0.1619  0.0364  0.1093  0.0117    6.80    0.46    6.67    6.71    6.63    1.40    9.56   0.004   0.025   1.000   0.986  -0.165   0.000   0.165   0.986  -0.025
b 2008-04-13/10:21:07 2008-04-13/10:21:12 2008-04-13/10:21:16   9.00   t  np  -14.3   22.7   -0.7  593.7    1.06  -362.2    55.6   -18.4   -18.5  -366.4    -5.6   367.2   140.8   2.611   5.248  0.1305  0.0183  0.1008  0.0103   -6.11    2.43   -1.31   -1.27   -6.43    1.41    6.78   0.005   0.030   1.000   0.986  -0.168   0.000   0.168   0.985  -0.031
c 2008-04-13/01:54:28 2008-04-13/01:54:39 2008-04-13/01:54:45  17.00   t  np   -4.3   16.5    2.7  376.8    3.33  -344.3   110.6   -52.2   -45.7  -359.3   -47.4   366.6   261.4   1.457   1.079  0.3768  0.1750  0.1850  0.0184   -2.60   -1.17   20.75   20.84   -1.90    0.93   20.97  -0.060  -0.134   0.989   0.912  -0.410   0.000   0.406   0.902   0.147
c 2008-04-13/03:55:20 2008-04-13/03:55:30 2008-04-13/03:55:40  20.00   t  np   -5.3   17.3    1.5  303.6    2.72  -298.3   118.2   -44.7   -44.3  -320.9    -7.0   324.1   328.0   1.014   0.549  0.3643  0.2300  0.1243  0.0138   -4.70   -0.13   23.39   23.47   -4.30   -0.06   24.04  -0.030  -0.073   0.997   0.925  -0.379   0.000   0.378   0.922   0.079
c 2008-04-13/04:10:06 2008-04-13/04:10:15 2008-04-13/04:10:23  17.00   t  np   -5.4   17.4    1.3  340.6    2.82  -254.7    75.7   -81.0   -79.1  -264.5   -30.9   278.1   319.9   0.872   0.635  0.4105  0.2435  0.1541  0.0128   -5.32    7.61   22.81   22.40   -7.79    6.62   24.74  -0.026  -0.064   0.998   0.927  -0.376   0.000   0.375   0.924   0.069
c 2008-04-13/04:18:14 2008-04-13/04:18:21 2008-04-13/04:18:32  18.00   t  np   -5.4   17.4    1.2  423.9    2.01  -255.9    85.6   -47.6   -46.5  -269.3   -19.3   274.2   343.3   0.799   0.689  0.3471  0.1957  0.1362  0.0127   -8.28    3.12   20.31   20.29   -8.85    1.09   22.18  -0.024  -0.059   0.998   0.927  -0.374   0.000   0.373   0.925   0.064
c 2008-04-13/04:47:01 2008-04-13/04:47:07 2008-04-13/04:47:14  13.00   t  pn   -5.7   17.5    0.8  389.3    2.19  -292.3   110.6    34.8    34.9  -312.5    -3.3   314.5   315.9   0.997   0.747  0.3329  0.1905  0.1367  0.0127    8.80   -5.17   19.32   19.37   10.08   -0.70   21.88  -0.016  -0.041   0.999   0.930  -0.368   0.000   0.368   0.929   0.044
c 2008-04-13/05:27:42 2008-04-13/05:27:47 2008-04-13/05:27:56  14.00   t  pn   -6.0   17.7    0.3  404.9    2.07  -202.4    43.4   -41.0   -40.4  -204.5   -33.4   213.4   205.9   1.023   1.520  0.2378  0.0826  0.1330  0.0160   -5.43    5.04   11.30   11.25   -6.88    2.93   14.14  -0.006  -0.016   1.000   0.933  -0.361   0.000   0.361   0.932   0.017
c 2008-04-13/05:28:51 2008-04-13/05:28:59 2008-04-13/05:29:09  18.00   t  np   -6.0   17.7    0.3  407.5    2.22  -202.3    51.0   -18.1   -17.7  -207.1   -25.7   212.2   266.2   0.795   1.019  0.3066  0.1366  0.1447  0.0177    5.95   -7.40   15.70   15.78    8.22   -4.50   18.49  -0.006  -0.015   1.000   0.933  -0.361   0.000   0.361   0.933   0.016
c 2008-04-13/05:37:56 2008-04-13/05:38:04 2008-04-13/05:38:11  15.00   t  pn   -6.0   17.7    0.2  380.9    1.68  -289.8    82.9    59.3    59.6  -300.2   -26.2   308.1   281.5   1.094   0.917  0.2242  0.1119  0.1017  0.0103    4.82    1.42   15.94   15.90    3.99    3.22   16.74  -0.004  -0.009   1.000   0.933  -0.359   0.000   0.359   0.933   0.010
c 2008-04-13/05:41:02 2008-04-13/05:41:17 2008-04-13/05:41:26  24.00   t  pn   -6.1   17.7    0.1  151.2    9.27  -391.5   143.0    53.4    53.5  -416.7    -6.6   420.6    72.4   5.848   4.957  0.3188  0.0487  0.2239  0.0467    0.99   -3.63    9.55    9.57    2.23   -2.95   10.72  -0.003  -0.008   1.000   0.933  -0.359   0.000   0.359   0.933   0.008
c 2008-04-13/05:44:39 2008-04-13/05:44:45 2008-04-13/05:44:54  15.00   t  pn   -6.1   17.7    0.1  250.7    4.12  -357.3   164.5    39.7    39.5  -392.5    25.8   396.0   184.0   2.232   1.443  0.2947  0.1160  0.1589  0.0215    2.25   -2.29   16.63   16.64    2.92   -1.23   16.96  -0.002  -0.006   1.000   0.934  -0.358   0.000   0.358   0.934   0.006
c 2008-04-13/05:55:37 2008-04-13/05:55:47 2008-04-13/05:55:54  17.00   t  np   -6.2   17.7   -0.0  333.9    2.67  -247.0   111.7   -17.4   -17.4  -270.6    16.3   272.0   253.4   1.078   0.991  0.2979  0.1416  0.1417  0.0117   -0.78    7.57   17.01   17.02   -3.43    6.77   18.86   0.000   0.001   1.000   0.934  -0.357   0.000   0.357   0.934  -0.001
c 2008-04-13/06:14:02 2008-04-13/06:14:13 2008-04-13/06:14:22  20.00   t  np   -6.3   17.8   -0.3  250.6    3.91  -360.2   187.2   -23.0   -22.3  -403.2    48.0   409.1   288.0   1.422   0.579  0.4356  0.2730  0.1516  0.0188   -3.27    5.14   25.28   25.33   -4.87    3.31   26.03   0.005   0.012   1.000   0.935  -0.354   0.000   0.354   0.935  -0.013
c 2008-04-13/06:27:20 2008-04-13/06:27:29 2008-04-13/06:27:37  17.00   t  np   -6.4   17.8   -0.4  251.8    5.02  -396.2   104.2   -92.0   -92.9  -407.5   -40.0   420.0   227.2   1.883   0.946  0.4287  0.2181  0.1975  0.0205   -8.81   12.51   17.69   17.87  -12.65    8.23   23.39   0.008   0.020   1.000   0.936  -0.352   0.000   0.352   0.936  -0.021
c 2008-04-13/06:30:33 2008-04-13/06:30:45 2008-04-13/06:30:53  20.00   t  np   -6.4   17.8   -0.5  346.9    2.45  -323.7   112.0  -106.2  -106.4  -342.4    -6.5   359.3   344.2   1.052   0.562  0.3951  0.2417  0.1357  0.0184  -12.81   12.06   17.20   17.36  -16.23    6.38   24.63   0.008   0.022   1.000   0.936  -0.351   0.000   0.351   0.936  -0.023
c 2008-04-13/06:40:31 2008-04-13/06:40:50 2008-04-13/06:41:10  39.00   t  np   -6.5   17.8   -0.6  210.9    5.88  -316.1   108.5   -39.9   -40.1  -334.1    -7.8   336.9   233.2   1.445   0.727  0.4939  0.2747  0.1988  0.0209    0.44    3.34   26.03   26.12   -0.76    2.50   26.28   0.010   0.028   1.000   0.937  -0.350   0.000   0.350   0.936  -0.029
c 2008-04-13/06:41:56 2008-04-13/06:42:01 2008-04-13/06:42:05   9.00   t  np   -6.5   17.8   -0.6  482.1    2.49  -433.5   130.9   -55.7   -56.6  -451.9   -27.3   458.4   255.0   1.875   1.513  0.3586  0.1292  0.1907  0.0295    6.93   -1.04   16.57   16.61    6.85    0.94   18.01   0.011   0.029   1.000   0.937  -0.350   0.000   0.350   0.936  -0.031
c 2008-04-13/07:15:47 2008-04-13/07:15:54 2008-04-13/07:16:05  18.00   t  np   -6.7   17.8   -1.0  391.6    3.63  -346.1   111.0   -33.5   -34.2  -363.2   -13.7   365.2   206.6   2.042   1.948  0.3328  0.0894  0.2034  0.0153   -4.13    5.30   13.00   13.16   -5.70    2.89   14.98   0.017   0.047   0.999   0.938  -0.345   0.000   0.345   0.937  -0.050
c 2008-04-13/07:19:37 2008-04-13/07:19:49 2008-04-13/07:20:06  29.00   t  np   -6.8   17.8   -1.0  227.5    3.91  -400.8   155.4  -121.0  -120.4  -429.8    13.8   446.8   281.5   1.588   0.542  0.4250  0.2667  0.1421  0.0212   -6.61    9.00   23.33   23.63   -9.31    4.94   25.89   0.018   0.049   0.999   0.939  -0.345   0.000   0.345   0.937  -0.052
c 2008-04-15/06:57:30 2008-04-15/06:57:39 2008-04-15/06:57:45  15.00   t  np   -6.2   18.0   -0.8  201.1    2.25  -150.7    11.1     4.0     2.3  -145.1   -42.6   152.1   245.1   0.637   0.654  0.1827  0.1116  0.0686  0.0079   -7.64   12.12    8.56    8.90  -11.40    8.32   16.74   0.014   0.037   0.999   0.936  -0.351   0.000   0.350   0.936  -0.039
c 2008-04-15/07:11:50 2008-04-15/07:12:04 2008-04-15/07:12:14  24.00   t  np   -6.3   18.0   -1.0  125.5    4.72  -127.2    44.8    15.3    15.2  -134.8    -3.1   135.9   145.6   0.934   1.132  0.1943  0.0843  0.0949  0.0155   -6.20    8.49    9.99   10.26   -8.77    5.31   14.55   0.017   0.045   0.999   0.937  -0.349   0.000   0.348   0.936  -0.048
c 2008-04-15/07:24:16 2008-04-15/07:24:28 2008-04-15/07:24:39  23.00   t  np   -6.4   18.0   -1.1  261.1    2.63   -44.0     6.9     0.4    -0.0   -43.6    -8.8    44.7   190.2   0.237   1.377  0.2042  0.0828  0.1101  0.0139   -1.11    1.47   14.27   14.31   -1.55    0.21   14.42   0.019   0.051   0.999   0.938  -0.348   0.000   0.347   0.936  -0.054
c 2008-04-15/07:28:52 2008-04-15/07:29:11 2008-04-15/07:29:32  40.00   t  pn   -6.4   18.0   -1.1  142.6    4.84  -183.4    20.7    26.6    24.0  -179.2   -45.7   186.5   177.9   1.057   0.850  0.2455  0.1240  0.1056  0.0156    1.37   -4.02   17.12   16.91    2.68   -4.27   17.66   0.020   0.053   0.998   0.938  -0.347   0.000   0.346   0.936  -0.057
c 2008-04-15/08:00:25 2008-04-15/08:00:35 2008-04-15/08:00:51  26.00   t  np   -6.6   18.0   -1.4  150.5    3.92  -187.6    49.5   -45.4   -46.6  -193.2   -14.6   199.5   228.4   0.876   0.555  0.2745  0.1685  0.0945  0.0101   -8.86   12.62   13.58   14.18  -12.66    7.80   20.58   0.025   0.068   0.997   0.939  -0.344   0.000   0.343   0.937  -0.073
c 2008-04-15/08:07:42 2008-04-15/08:08:06 2008-04-15/08:08:17  35.00   t  np   -6.7   18.0   -1.5  197.5    3.28  -191.4    64.7     4.0     3.7  -202.0    -5.2   202.3   249.3   0.811   0.606  0.2850  0.1737  0.1037  0.0101   -6.82    8.94   17.61   18.02   -9.47    4.71   20.89   0.026   0.071   0.997   0.939  -0.343   0.000   0.342   0.937  -0.076
c 2008-04-15/08:10:38 2008-04-15/08:10:42 2008-04-15/08:10:48  10.00   t  pn   -6.7   18.0   -1.5   87.8    8.67  -175.1    66.2    -2.1    -1.9  -187.2     2.4   187.2   145.6   1.287   0.794  0.2944  0.1550  0.1220  0.0188    0.55   -0.88   19.70   19.60    0.82   -2.15   19.74   0.026   0.072   0.997   0.939  -0.343   0.000   0.342   0.937  -0.077
c 2008-04-15/08:15:29 2008-04-15/08:15:34 2008-04-15/08:15:43  14.00   t  np   -6.7   18.0   -1.5  147.0    5.06  -167.1    59.5    -9.5    -9.5  -177.4    -0.5   178.0   197.8   0.905   0.698  0.2997  0.1720  0.1150  0.0193    4.75   -1.72   20.06   20.00    5.05   -1.58   20.79   0.027   0.074   0.997   0.940  -0.342   0.000   0.341   0.937  -0.079
c 2008-04-15/08:23:14 2008-04-15/08:23:28 2008-04-15/08:23:40  26.00   t  pn   -6.8   18.0   -1.6  114.2    6.12  -238.8    99.2     2.5     3.5  -258.3    11.5   258.7   191.5   1.355   0.597  0.3219  0.1881  0.1118  0.0228    5.66    0.20   20.99   21.09    5.25    0.38   21.74   0.028   0.077   0.997   0.940  -0.341   0.000   0.340   0.937  -0.082
c 2008-04-15/08:27:32 2008-04-15/08:27:43 2008-04-15/08:28:08  36.00   t  np   -6.8   18.0   -1.6  113.6    5.68  -205.9    35.6   -11.9   -15.0  -205.7   -35.6   209.6   182.2   1.150   0.654  0.2796  0.1555  0.1034  0.0181   -2.61   11.10   16.04   16.79   -6.24    8.16   19.77   0.029   0.079   0.996   0.940  -0.341   0.000   0.340   0.937  -0.084
c 2008-04-15/08:30:16 2008-04-15/08:30:23 2008-04-15/08:30:42  26.00   t  np   -6.8   18.0   -1.7  105.0    5.81  -219.5    68.0     1.1     0.1  -229.6   -10.9   229.9   202.9   1.155   0.476  0.3014  0.1890  0.0917  0.0167   -7.69   13.64   15.01   15.82  -11.88    8.89   21.80   0.029   0.080   0.996   0.940  -0.341   0.000   0.340   0.937  -0.085
c 2008-04-15/08:34:01 2008-04-15/08:34:08 2008-04-15/08:34:12  11.00   t  np   -6.8   18.0   -1.7  104.8    6.31  -229.9   103.5   -11.1    -9.4  -251.4    19.9   253.0   194.6   1.311   0.510  0.3242  0.2032  0.1026  0.0204   -7.21   11.22   17.82   18.46  -10.60    6.52   22.60   0.029   0.081   0.996   0.940  -0.340   0.000   0.339   0.937  -0.086
c 2008-04-15/08:36:43 2008-04-15/08:36:52 2008-04-15/08:37:02  19.00   t  np   -6.9   18.0   -1.7   83.0    6.14  -230.4    96.0    -8.9    -7.8  -249.3    12.7   250.0   200.3   1.256   0.394  0.3061  0.2182  0.0818  0.0158   -0.87   -1.49   23.29   23.05   -0.31   -3.73   23.41   0.030   0.082   0.996   0.940  -0.340   0.000   0.339   0.937  -0.088
c 2008-04-15/08:43:32 2008-04-15/08:43:45 2008-04-15/08:43:50  18.00   t  pn   -6.9   18.0   -1.8  111.1    6.15  -233.4    62.7    -4.5    -6.3  -240.8   -19.8   241.8   161.6   1.512   0.828  0.2638  0.1353  0.1090  0.0210   -6.56    0.28   17.17   16.92   -6.27   -3.50   18.42   0.031   0.085   0.996   0.941  -0.340   0.000   0.338   0.937  -0.090
c 2008-04-15/08:46:21 2008-04-15/08:46:30 2008-04-15/08:46:36  15.00   t  pn   -6.9   18.0   -1.8  249.8    2.98  -161.9    60.8    21.9    22.0  -172.9     0.2   174.5   187.3   0.931   1.325  0.2268  0.0921  0.1193  0.0174    2.27   -3.40   14.32   14.04    3.28   -3.72   15.21   0.031   0.086   0.996   0.941  -0.339   0.000   0.338   0.937  -0.091
c 2008-04-15/08:47:36 2008-04-15/08:47:48 2008-04-15/08:47:54  18.00   t  pn   -6.9   18.0   -1.8  180.4    3.16  -187.7    50.4    25.8    24.2  -193.7   -18.6   196.1   239.3   0.820   0.600  0.2570  0.1530  0.0914  0.0131   13.66   -6.20   12.63   12.47   14.95   -2.35   19.61   0.031   0.086   0.996   0.941  -0.339   0.000   0.338   0.937  -0.091
c 2008-04-15/08:55:41 2008-04-15/08:55:56 2008-04-15/08:56:12  31.00   t  np   -7.0   18.0   -1.8   98.6    9.41  -212.6   101.2     6.2     8.3  -234.3    22.6   235.7   120.6   1.957   1.292  0.2866  0.1210  0.1485  0.0222    2.28   -0.02   17.19   17.18    2.15   -0.86   17.44   0.032   0.089   0.996   0.941  -0.339   0.000   0.337   0.937  -0.094
c 2008-04-15/09:01:27 2008-04-15/09:01:34 2008-04-15/09:01:42  15.00   t  np   -7.0   18.0   -1.9   90.6    8.52  -249.2   125.5    -7.2    -3.9  -277.0    34.4   279.2   132.3   2.171   0.988  0.2786  0.1355  0.1238  0.0240   -4.41    5.17   17.12   17.36   -5.90    1.71   18.45   0.032   0.090   0.995   0.941  -0.338   0.000   0.336   0.937  -0.096
c 2008-04-15/09:17:06 2008-04-15/09:17:20 2008-04-15/09:17:30  24.00   t  pn   -7.1   18.0   -1.9  108.4    6.97  -179.9    39.3     1.0    -1.3  -182.6   -23.5   184.2   161.6   1.141   0.740  0.3032  0.1634  0.1213  0.0182    4.25   -3.83   18.59   18.28    5.29   -4.04   20.27   0.034   0.094   0.995   0.942  -0.337   0.000   0.335   0.937  -0.100
c 2008-04-15/09:20:06 2008-04-15/09:20:27 2008-04-15/09:20:42  36.00   t  pn   -7.1   18.0   -2.0   94.4    5.67  -171.9    63.7    15.2    15.3  -183.3     0.6   184.2   181.0   1.019   0.551  0.2526  0.1543  0.0857  0.0114    9.24   -8.43   15.15   14.58   11.54   -6.34   19.69   0.034   0.095   0.995   0.942  -0.336   0.000   0.335   0.937  -0.101
b 2008-04-17/11:03:50 2008-04-17/11:03:59 2008-04-17/11:04:15  25.00   t  pn  -13.0   22.7   -0.6  179.6    3.49  -398.1   142.1   -26.8   -25.2  -417.8    65.1   423.6    83.5   5.410   4.786  0.1459  0.0228  0.1001  0.0232    4.16    2.19    5.89    5.97    3.67    2.79    7.56   0.005   0.025   1.000   0.982  -0.188   0.000   0.188   0.982  -0.025
b 2008-04-17/12:30:20 2008-04-17/12:30:29 2008-04-17/12:30:43  23.00   t  np  -12.9   21.9   -0.1  208.7    1.80  -350.6    63.3   -23.2   -23.2  -356.2    -6.4   357.3   227.3   1.589   0.777  0.1466  0.0768  0.0600  0.0083    2.52    1.38   13.36   13.37    2.20    1.78   13.88   0.001   0.005   1.000   0.981  -0.195   0.000   0.195   0.981  -0.005
b 2008-04-17/12:48:04 2008-04-17/12:48:22 2008-04-17/12:48:36  32.00   i  pn  -12.9   21.7    0.1  865.1    0.40   -20.9    57.6    24.7    24.6   -31.8    52.4    69.7   339.2   0.208   1.423  0.0973  0.0396  0.0550  0.0035    4.64   -0.99    8.76    8.77    4.75   -0.03    9.97  -0.000  -0.002   1.000   0.980  -0.197   0.000   0.197   0.980   0.002
b 2008-04-17/14:59:16 2008-04-17/14:59:28 2008-04-17/14:59:43  27.00   t  np  -12.8   20.2    1.8  177.3    2.10  -381.4    77.4     0.3     0.8  -389.1    -5.5   390.6   281.8   1.393   0.431  0.2113  0.1459  0.0602  0.0110   -0.21   -0.50   19.09   19.07   -0.10    1.06   19.15  -0.018  -0.082   0.996   0.977  -0.213   0.000   0.212   0.974   0.084
c 2008-04-19/02:00:39 2008-04-19/02:00:47 2008-04-19/02:00:52  13.00   t  np   -3.2   17.3    2.6  232.2    3.04  -230.2    81.0   -32.5   -32.8  -244.0    -2.9   247.6   187.4   1.336   1.158  0.2208  0.0989  0.1117  0.0127    9.12   -6.14   10.65   10.80   10.84   -0.37   15.75  -0.056  -0.124   0.991   0.912  -0.411   0.000   0.407   0.903   0.136
c 2008-04-19/02:23:45 2008-04-19/02:24:07 2008-04-19/02:24:20  35.00   t  pn   -3.4   17.4    2.4  469.7    1.38   -87.8    76.6   -21.1   -16.6  -108.8    43.6   124.9   313.5   0.400   0.914  0.2297  0.1159  0.1038  0.0112   -4.82   -4.60   15.51   16.16   -2.54   -4.17   17.05  -0.051  -0.114   0.992   0.914  -0.405   0.000   0.402   0.907   0.125
c 2008-04-19/02:30:54 2008-04-19/02:31:06 2008-04-19/02:31:12  18.00   t  pn   -3.5   17.5    2.3  503.4    1.26  -165.7    53.1    28.4    27.5  -173.9   -10.0   178.0   358.3   0.501   0.748  0.2472  0.1425  0.1019  0.0084   14.39  -10.03    6.70    7.05   17.21   -2.53   18.93  -0.049  -0.111   0.993   0.915  -0.404   0.000   0.401   0.908   0.121
c 2008-04-19/03:56:02 2008-04-19/03:56:24 2008-04-19/03:56:38  36.00   t  np   -4.1   18.0    1.4  216.6    4.24  -306.6   128.2   -31.4   -31.5  -331.8    18.4   334.8   105.6   4.074   5.396  0.2030  0.0370  0.1436  0.0195   -5.34    2.07    6.36    6.36   -5.72    0.31    9.38  -0.028  -0.066   0.997   0.923  -0.385   0.000   0.384   0.921   0.072
c 2008-04-19/03:57:49 2008-04-19/03:58:14 2008-04-19/03:58:38  49.00   t  np   -4.1   18.0    1.3  215.9    4.02  -305.1    87.6   -18.0   -17.8  -316.9   -19.6   319.1   145.3   2.227   1.962  0.2244  0.0704  0.1379  0.0148   -2.84   -4.26   12.25   12.57   -0.98   -4.15   13.30  -0.027  -0.065   0.998   0.923  -0.385   0.000   0.384   0.921   0.070
c 2008-04-19/05:28:59 2008-04-19/05:29:05 2008-04-19/05:29:14  15.00   t  np   -4.8   18.3    0.2  287.0    2.32  -227.4    20.6   -46.6   -28.7  -217.8   -77.9   233.1   283.2   0.823   0.634  0.2898  0.1686  0.1064  0.0132   -0.25   -2.62   20.35   20.38    0.74   -2.31   20.58  -0.004  -0.010   1.000   0.929  -0.369   0.000   0.369   0.929   0.011
c 2008-04-19/05:38:19 2008-04-19/05:38:33 2008-04-19/05:38:42  23.00   t  np   -4.8   18.3    0.1  399.6    1.58  -277.8    97.5   -35.2   -29.0  -293.7   -28.6   296.7   298.2   0.997   0.843  0.2338  0.1166  0.1010  0.0128   -5.89    3.75   15.60   15.59   -6.85    1.39   17.11  -0.002  -0.004   1.000   0.930  -0.368   0.000   0.368   0.930   0.005
c 2008-04-19/05:40:05 2008-04-19/05:40:16 2008-04-19/05:40:25  20.00   t  np   -4.8   18.3    0.0  370.4    1.29  -280.5    97.0   -74.9   -66.8  -295.9   -40.8   307.9   450.4   0.684   0.345  0.3083  0.2244  0.0763  0.0111  -16.03   14.22    9.85    9.83  -20.13    7.37   23.75  -0.001  -0.003   1.000   0.930  -0.367   0.000   0.367   0.930   0.003
c 2008-05-17/04:10:11 2008-05-17/04:10:16 2008-05-17/04:10:24  13.00   t  pn    0.8   19.1   -0.2  189.7    2.27  -185.2    75.8   -97.8   -97.9  -199.7   -11.5   223.4   212.0   1.126   0.878  0.1517  0.0825  0.0651  0.0087    2.92   -3.96   13.49   13.47    4.35   -2.43   14.38   0.004   0.008   1.000   0.901  -0.434   0.000   0.434   0.901  -0.009
c 2008-05-17/04:11:38 2008-05-17/04:11:47 2008-05-17/04:11:58  20.00   t  pn    0.8   19.1   -0.2  129.3    2.93  -181.7    69.6    -8.9    -9.0  -193.9   -16.1   195.1   176.4   1.112   0.801  0.1460  0.0759  0.0604  0.0100    1.58   -4.56   12.91   12.88    3.40   -3.55   13.81   0.004   0.009   1.000   0.901  -0.434   0.000   0.434   0.901  -0.010
c 2008-05-17/04:20:13 2008-05-17/04:20:20 2008-05-17/04:20:30  17.00   t  pn    0.8   19.1   -0.3  182.0    2.28  -168.9    37.4   -52.5   -53.0  -168.4   -38.9   181.8   201.0   0.905   0.850  0.1531  0.0783  0.0664  0.0080    3.35   -1.46   13.23   13.23    3.65   -0.07   13.98   0.007   0.014   1.000   0.901  -0.433   0.000   0.433   0.901  -0.016
c 2008-05-17/04:55:22 2008-05-17/04:55:31 2008-05-17/04:55:39  17.00   t  pn    0.5   19.0   -0.7  308.2    1.08  -113.8    50.3   -15.8   -16.0  -124.4    -3.2   125.8   305.1   0.425   0.640  0.1355  0.0807  0.0512  0.0041    6.18   -4.64   11.97   11.90    7.58   -1.96   14.24   0.016   0.034   0.999   0.902  -0.432   0.000   0.432   0.901  -0.038
c 2008-05-17/06:00:46 2008-05-17/06:01:10 2008-05-17/06:01:24  38.00   t  pn    0.2   18.8   -1.6  121.4    2.27  -134.6    49.7   -58.0   -58.8  -142.9    -8.7   154.9   214.9   0.722   0.504  0.1392  0.0872  0.0441  0.0076    5.91   -6.58   11.86   11.56    8.17   -4.31   14.80   0.034   0.070   0.997   0.903  -0.431   0.000   0.429   0.900  -0.078
c 2008-05-17/06:15:12 2008-05-17/06:15:19 2008-05-17/06:15:30  18.00   i  np    0.1   18.8   -1.7  407.2    1.20   -48.0    20.1   -33.1   -33.2   -51.9     0.3    67.9   244.3   0.278   1.285  0.1452  0.0631  0.0785  0.0055    2.67    1.04   12.21   12.35    1.96    1.02   12.60   0.037   0.078   0.996   0.903  -0.431   0.000   0.429   0.899  -0.086
c 2008-05-17/06:36:18 2008-05-17/06:36:29 2008-05-17/06:36:45  27.00   t  pn   -0.1   18.7   -2.0  133.5    2.91  -135.4    47.3   -63.5   -64.7  -142.6    -9.6   156.9   171.2   0.917   0.876  0.1418  0.0715  0.0624  0.0079    4.72   -5.73   11.14   10.77    6.72   -4.22   13.40   0.042   0.088   0.995   0.902  -0.431   0.000   0.429   0.898  -0.098
c 2008-05-17/06:58:10 2008-05-17/06:58:18 2008-05-17/06:58:28  18.00   t  pn   -0.2   18.6   -2.2  167.6    1.93  -120.7    29.3   -28.4   -30.9  -121.6   -22.4   127.7   229.4   0.569   0.610  0.1368  0.0841  0.0501  0.0045    7.06   -4.91   11.68   11.46    8.49   -2.66   14.54   0.047   0.099   0.994   0.902  -0.431   0.000   0.428   0.897  -0.110
c 2008-11-30/06:53:13 2008-11-30/06:53:24 2008-11-30/06:53:32  19.00   t  pn   -3.5  -18.6    2.1  127.1    5.83  -207.2   -61.6   -10.8    -8.4   215.0   -23.1   216.6   123.3   1.757   1.595  0.2114  0.0723  0.1185  0.0183   -4.01    7.40   10.49   11.27    0.88   -7.28   13.48  -0.038   0.092   0.995  -0.925  -0.381   0.000   0.379  -0.920   0.100
c 2008-11-30/07:28:25 2008-11-30/07:28:32 2008-11-30/07:28:37  12.00   t  pn   -3.3  -18.6    2.6  171.8    2.14  -155.7   -18.8     3.4     8.7   151.0   -41.7   157.5   208.1   0.767   0.767  0.1434  0.0817  0.0581  0.0088   -9.53   -1.78   10.46   10.63    9.49   -0.70   14.27  -0.048   0.114   0.992  -0.923  -0.384   0.000   0.381  -0.916   0.124
c 2008-11-30/13:16:58 2008-11-30/13:17:10 2008-11-30/13:17:21  23.00   t  np   -1.1  -18.3    3.0   91.7    5.35  -156.1   -90.1   -24.7   -26.8   179.5    12.1   182.2   165.2   1.104   0.638  0.2143  0.1234  0.0783  0.0132   -9.49   -5.52   13.58   13.28   10.93    2.99   17.61  -0.062   0.133   0.989  -0.907  -0.422   0.000   0.417  -0.897   0.147
c 2008-11-30/15:27:55 2008-11-30/15:28:19 2008-11-30/15:28:34  39.00   t  pn   -0.3  -17.9    1.5  123.1    6.64  -115.4   -60.6    13.5    13.3   130.4     4.3   131.5    45.0   2.933  11.445  0.1710  0.0122  0.1308  0.0287   -1.35   -1.43    5.16    5.09    1.84    1.08    5.53  -0.033   0.068   0.997  -0.897  -0.442   0.000   0.440  -0.895   0.076
b 2009-04-06/05:28:26 2009-04-06/05:28:33 2009-04-06/05:28:40  14.00   t  np  -18.8   24.7    5.6  154.8    1.82  -231.1    70.7   -17.5   -32.9  -237.6    34.3   242.3    31.3   8.822  26.348  0.0548  0.0022  0.0452  0.0077    1.33   -1.84   -0.01    0.38    1.50   -1.67    2.33  -0.021  -0.223   0.975   0.996  -0.092   0.000   0.090   0.970   0.224
b 2009-04-06/11:10:21 2009-04-06/11:10:32 2009-04-06/11:10:42  21.00   t  np  -20.0   24.8    2.0  106.0    3.91  -214.5    39.9   -16.7   -19.2  -217.0    20.1   219.3    93.8   2.338   2.284  0.1057  0.0299  0.0663  0.0102   -2.08    1.92    8.16    7.99   -2.21    2.40    8.67  -0.006  -0.080   0.997   0.997  -0.076   0.000   0.075   0.994   0.080
b 2009-04-06/12:20:27 2009-04-06/12:20:47 2009-04-06/12:21:04  37.00   t  np  -20.2   24.6    2.3  115.7    2.87  -278.5    85.8    12.2     6.7  -284.4    64.4   292.2   149.7   1.957   0.978  0.1159  0.0561  0.0529  0.0086   -2.69    1.34   11.49   11.33   -2.78    2.19   11.87  -0.007  -0.091   0.996   0.997  -0.073   0.000   0.073   0.993   0.092
b 2009-04-23/02:30:32 2009-04-23/02:30:50 2009-04-23/02:31:02  30.00   t  np  -14.9   23.7    8.6  115.2    2.25  -242.5    76.3    16.5     2.6  -251.3    41.5   254.8    97.5   2.618   2.320  0.0656  0.0176  0.0415  0.0061   -0.59    1.50   -6.42   -6.51   -0.82   -0.88    6.65  -0.052  -0.336   0.940   0.988  -0.153   0.000   0.144   0.929   0.340
b 2009-04-23/02:45:16 2009-04-23/02:45:28 2009-04-23/02:45:40  24.00   i  np  -14.9   23.7    8.4  115.2    2.78  -274.8    82.0    34.2    19.4  -284.1    48.1   288.8    83.2   3.482   3.184  0.0759  0.0163  0.0511  0.0084   -2.23    2.81   -5.29   -5.80   -2.64    0.54    6.40  -0.051  -0.327   0.944   0.988  -0.153   0.000   0.145   0.932   0.331
c 2009-05-15/03:45:21 2009-05-15/03:45:35 2009-05-15/03:45:46  25.00   t  np   -2.2   18.7    2.4  362.2    2.08  -180.3   104.5   -31.2   -33.7  -207.0    19.9   211.2   308.6   0.685   0.725  0.2935  0.1669  0.1195  0.0089   -1.72   -0.05   20.40   20.33   -1.56    1.73   20.48  -0.048  -0.111   0.993   0.916  -0.401   0.000   0.398   0.909   0.121
c 2009-05-15/04:03:30 2009-05-15/04:03:56 2009-05-15/04:04:12  42.00   t  np   -2.3   18.8    2.2  174.3    7.44  -179.7   146.5   -28.6   -35.0  -223.1    59.9   234.2   132.1   1.775   1.876  0.3393  0.1072  0.2076  0.0207   -4.64   -6.13   14.25   14.97   -1.82   -5.87   16.40  -0.044  -0.100   0.994   0.918  -0.398   0.000   0.395   0.912   0.109
c 2009-05-15/07:38:52 2009-05-15/07:39:03 2009-05-15/07:39:12  20.00   t  pn   -3.7   19.3   -0.5  150.9    5.02  -239.1    95.8   -68.7   -68.7  -257.6     2.7   267.9   199.4   1.353   0.726  0.2997  0.1626  0.1195  0.0154   -2.78   -0.56   19.99   19.95   -2.37   -2.01   20.22   0.008   0.021   1.000   0.929  -0.369   0.000   0.369   0.929  -0.023
c 2009-05-29/00:17:30 2009-05-29/00:17:44 2009-05-29/00:18:04  34.00   t  np    4.5   14.9    1.9  189.5    3.97  -173.4   129.3   -10.0   -10.5  -216.2     4.4   217.0   237.9   0.913   0.641  0.3230  0.1875  0.1204  0.0145    6.80  -14.35   14.75   15.48   13.86   -6.17   21.71  -0.061  -0.085   0.995   0.815  -0.579   0.000   0.576   0.811   0.104
c 2009-05-29/00:25:57 2009-05-29/00:26:16 2009-05-29/00:26:30  33.00   t  np    4.4   15.0    1.9  154.0    6.47  -119.2    78.0    -6.8    -6.3  -142.4    -5.2   142.6   156.9   0.914   1.199  0.3144  0.1360  0.1598  0.0204    5.61  -12.54   12.31   12.97   11.81   -5.71   18.47  -0.059  -0.084   0.995   0.817  -0.576   0.000   0.573   0.813   0.103
b 2009-11-02/19:01:28 2009-11-02/19:01:43 2009-11-02/19:01:58  30.00   t  np   -9.9  -19.6   -0.8   89.9    6.32  -252.6   -76.8   -52.2   -51.9   263.9     8.4   269.1   112.3   2.399   1.367  0.1777  0.0674  0.0911  0.0198   -1.85   -4.42   12.10   12.23    2.97    3.29   13.01   0.010  -0.037   0.999  -0.964  -0.268   0.000   0.267  -0.963  -0.039
