255 255 255
246 255 254
237 255 253
228 255 251
218 255 249
209 255 248
200 255 246
191 255 245
182 255 243
173 255 242
164 255 240
155 255 239
145 255 237
136 255 235
127 255 234
118 255 232
114 255 227
123 250 213
132 245 198
141 240 183
150 235 169
159 230 154
169 225 139
178 220 125
187 215 110
196 210 95
205 205 81
214 201 66
224 196 51
233 191 37
242 186 22
251 181 7
255 174 1
252 164 3
250 155 6
248 146 8
245 136 10
243 127 12
240 117 14
238 108 17
236 98 19
233 89 21
231 80 23
229 70 25
226 61 28
224 51 30
222 42 32
219 32 34
208 29 38
194 27 42
180 25 46
167 23 50
153 21 54
139 19 58
125 17 62
111 15 66
97 13 70
83 11 74
69 10 77
56 8 81
42 6 85
28 4 89
14 2 93
0 0 97