255 255 255
245 253 252
235 250 249
225 247 246
215 244 243
205 241 241
195 238 238
185 235 235
175 232 232
164 229 229
154 226 226
144 223 223
134 220 220
124 218 217
114 215 214
104 212 212
96 208 209
93 203 207
90 199 204
87 194 202
83 189 200
80 184 198
77 180 195
74 175 193
71 170 191
68 165 189
65 161 186
62 156 184
59 151 182
56 146 180
53 142 177
49 137 175
49 130 173
50 122 173
52 113 172
53 105 171
55 96 170
57 88 169
58 79 168
60 70 167
61 62 166
63 53 165
64 45 165
66 36 164
68 28 163
69 19 162
71 11 161
72 2 160
69 0 152
65 0 142
60 0 132
55 0 122
51 0 112
46 0 102
42 0 91
37 0 81
32 0 71
28 0 61
23 0 51
18 0 41
14 0 30
9 0 20
5 0 10
0 0 0